-9.010525085	-2.777771943
-8.926147425	0.737013146
-8.808558861	-2.725645358
-8.731435434	0.731568514
-8.607373699	-2.673659174
-8.537358371	0.72658655
-8.407554645	-2.620709172
-8.34394538	0.720951281
-8.209211108	-2.567447838
-8.148414796	4.374709295
-8.15185818	0.71569037
-8.01254725	-2.513521784
-7.98517223	4.282208723
-7.961190614	0.708868205
-7.821797518	4.190731606
-7.816482553	-2.458286033
-7.770783918	0.701290291
-7.658769711	4.101176766
-7.622166685	-2.402021774
-7.58185037	0.692251136
-7.496038547	4.012405651
-7.428911534	-2.34438765
-7.393064716	0.682158384
-7.355038468	-5.63902784
-7.236912095	-2.285143722
-7.181310878	-5.504837624
-7.046948162	-2.225393901
-7.009513142	-5.370109267
-6.857879027	-2.16455793
-6.840281276	-5.236223839
-6.6817318	3.584743778
-6.672440216	-5.10195228
-6.670645048	-2.103345879
-6.644635655	0.635632527
-6.522034193	6.467513375
-6.50661769	-4.968043568
-6.483341017	-2.041407432
-6.459519531	0.622919456
-6.385200095	6.342305321
-6.342953782	-4.8343168
-6.274541302	0.610474511
-6.247396727	6.218471342
-6.179969481	-4.700829374
-6.110933373	6.095354206
-6.090235669	0.597567394
-6.031856771	3.261046784
-6.017953285	-4.567857414
-5.906031408	0.584500655
-5.87030048	3.182243653
-5.857966786	-4.435394165
-5.837477308	5.85158793
-5.744539359	-1.7897777
-5.722053649	0.5723004
-5.698596283	-4.30338856
-5.562428042	-1.726471355
-5.538883626	0.560118701
-5.540865117	-4.172557296
-5.3804004	-1.662784385
-5.356363328	0.548628711
-5.29591389	5.36684993
-5.224886506	2.868453602
-5.199843048	-1.598391683
-5.174103914	0.537654564
-5.075735063	-3.779337628
-5.06511676	-7.966978344
-5.019503164	-1.533178882
-4.992028067	0.528011044
-4.932466373	-7.776528014
-4.922730198	-3.649068833
-4.839899462	-1.467647869
-4.810052641	0.51921359
-4.801840533	-7.587070762
-4.771050772	-3.518440123
-4.673419918	-7.399350252
-4.629066175	0.510594494
-4.620419774	-3.388096112
-4.582615493	2.562648948
-4.54674806	-7.211968678
-4.497727244	4.649410562
-4.470154756	-3.257511153
-4.421949569	-7.025352288
-4.422315509	2.490667225
-4.321746127	-3.127730559
-4.299263085	-6.840221518
-4.265799364	0.496382576
-4.178459782	-6.656032639
-4.173561321	-2.998317454
-4.084796516	0.489183269
-4.026780313	-2.869133456
-3.904230536	0.48274602
-3.827582143	-6.109138088
-3.723897197	0.475895294
-3.714382698	-5.928386
-3.60211946	-5.748677669
-3.591323028	-2.480639139
-3.544121631	0.47001405
-3.492728272	-5.569704073
-3.447430348	-2.351014371
-3.385022188	-5.391135775
-3.363668592	0.464258109
-3.304381861	-2.221594528
-3.278932719	-5.213263311
-3.185001511	0.45956062
-3.163038287	-2.092103888
-3.097092206	6.970863737
-3.070997827	-4.858563387
-3.022321817	-1.962358487
-2.969176207	-4.682297329
-2.891658616	-1.834053278
-2.868803366	-4.507033555
-2.864117917	6.474052113
-2.822764224	0.452812353
-2.769413462	-4.331675046
-2.671588903	-4.156622143
-2.642993645	0.450717875
-2.604311219	-1.572253496
-2.561061283	5.816081199
-2.463672224	0.449465976
-2.466218446	-1.442535188
-2.406455051	2.778015956
-2.340321085	5.324788121
-2.329415176	-1.311230697
-2.283803299	0.449637934
-2.2683929	5.16151108
-2.196523112	4.997856597
-2.193586538	-1.179929815
-2.145718715	2.547941278
-2.125518028	4.835142152
-2.104681562	0.449960212
-2.058628403	-1.048146072
-2.053772454	4.672124738
-2.015806853	2.432792605
-1.924683391	0.450986615
-1.924930257	-0.915831454
-1.792410676	-0.782584376
-1.757986046	2.201242336
-1.744567633	0.453451945
-1.66052687	-0.648857994
-1.629269084	2.085450037
-1.564605813	0.456327558
-1.529268799	-0.514943113
-1.500270704	1.968706334
-1.398576689	-0.380128921
-1.384424491	0.46054189
-1.371809571	1.852376235
-1.267965366	-0.245178368
-1.243524825	1.735481502
-1.204121809	0.465869394
-1.138261026	-0.11050794
-1.109936736	-7.122011034
-1.074887469	-6.908228221
-1.04132918	-6.696151126
-1.024704588	0.471801997
-1.008922166	0.024121116
-1.008430057	-6.487166309
-0.977479163	-6.278873133
-0.947688287	-6.072492452
-0.919422982	-5.867158206
-0.892235076	-5.662768458
-0.880063642	0.15914132
-0.866099118	-5.460690318
-0.859823122	1.383804551
-0.840489881	-5.258775933
-0.816272076	-5.05875792
-0.792710823	-4.860598257
-0.770258266	-4.663302992
-0.748781746	-4.467449036
-0.732213166	1.266351323
-0.728473985	-4.272577951
-0.708728835	-4.078326435
-0.689629057	-3.885317912
-0.671907971	-3.692278659
-0.654829092	-3.500388527
-0.638720592	-3.310350682
-0.631513025	7.94722137
-0.623235862	-3.12055735
-0.608626821	-2.931821337
-0.608618837	7.757472579
-0.594707765	-2.744415766
-0.586426897	7.568137201
-0.581262997	-2.556397268
-0.568202414	-2.369299614
-0.564425869	7.379873532
-0.556113905	-2.182185071
-0.545689943	-1.996136212
-0.542681787	7.191933016
-0.535485587	-1.811307792
-0.526692372	-1.626552451
-0.522354709	7.004982018
-0.517728032	-1.442846629
-0.509966392	-1.25864092
-0.502332009	6.81803585
-0.50193936	-1.075629406
-0.494160801	-0.892772561
-0.482930089	6.632175502
-0.480265922	-0.52702912
-0.486720021	-0.70956834
-0.473859415	-0.345341004
-0.468187768	-0.16364248
-0.464847544	6.44647176
-0.459096318	0.197312145
-0.463374163	0.016978903
-0.446719319	6.260635179
-0.429457989	6.075625917
-0.413107979	5.890946524
-0.397247425	5.706656974
-0.381707449	5.522905586
-0.366654732	5.339210623
-0.352429846	5.156430762
-0.338656455	4.973789601
-0.325329593	4.790942817
-0.313268546	4.608393264
-0.302218539	4.426219822
-0.293053277	4.244255492
-0.284610008	4.063166342
-0.27651733	3.881263196
-0.269102093	3.70002605
-0.255654563	3.336267428
-0.25404373	1.89016235
-0.245664694	2.251963206
-0.249379884	2.07078478
-0.242274288	2.61287488
-0.242921138	2.432471045
0.062364808	0.180306222
0.181575612	0.558590374
0.185465071	0.054365122
0.362676435	0.564402732
0.43237629	-0.196784307
0.453349756	1.737006096
0.544701567	0.570619688
0.55649604	-0.322847884
0.572296064	1.882682769
0.624261391	-2.14734775
0.681350339	-0.44851818
0.689942154	2.028586869
0.702925394	-2.312071959
0.726264417	0.577120909
0.781697392	-2.477820575
0.806483107	-0.574496381
0.8067438	2.175594048
0.860173514	-2.644724567
0.908173268	0.584200261
0.923570877	2.323348852
0.93203567	-0.700770153
0.938568089	-2.813211205
1.016532185	-2.982731828
1.038911599	2.472265885
1.057628871	-0.827239286
1.090996866	0.591463515
1.094100175	-3.153662688
1.171063736	-3.325312234
1.183102138	-0.955212755
1.208726341	5.377207126
1.247993659	-3.497796979
1.260775836	5.561100297
1.274369242	0.599056347
1.30757429	-1.084966959
1.311976288	5.745892862
1.325331927	-3.672531179
1.362815507	5.93153648
1.379600386	2.93110644
1.413929674	6.117763478
1.431772213	-1.216802022
1.458237693	0.606620035
1.463989449	6.304998823
1.477828339	-4.025834103
1.489732694	3.082123305
1.512596922	6.493638974
1.55507984	-1.349659413
1.552732246	-4.204405286
1.559985647	6.68327204
1.599715192	3.23764238
1.627715421	-4.384639715
1.642651063	0.614010416
1.678521187	-1.482291813
1.702899697	-4.567686833
1.708593432	3.394541495
1.740738905	7.451363592
1.777892147	-4.751283275
1.802278607	-1.615701296
1.81699178	3.55243906
1.827424559	0.62178097
1.853253046	-4.93726175
1.917100481	8.236020098
1.927993157	-5.124361815
1.924534608	3.711646847
1.926824541	-1.749098307
1.960136755	8.434525099
2.001956936	-5.31301902
2.003994043	8.634527527
2.012149902	0.631648501
2.047631052	8.834747708
2.052696659	-1.882543561
2.076138638	-5.503510987
2.091421309	9.036939175
2.135864292	9.240534013
2.138488982	4.032879155
2.150343222	-5.696071469
2.225120966	-5.890955066
2.299078142	-6.087967956
2.307521234	-2.152113671
2.372663929	-6.287189525
2.383813485	0.660172722
2.435808949	-2.287039451
2.446228588	-6.488825675
2.454361308	4.522689575
2.518686349	-6.692970556
2.558323911	4.689047176
2.563411034	-2.423201717
2.569942487	0.680624212
2.590979144	-6.899720546
2.663227226	-7.109578981
2.661924949	4.855793292
2.692481003	-2.560252498
2.734340507	-7.3213455
2.764646877	5.024512404
2.805748213	-7.536801555
2.822829182	-2.697792176
2.877402178	-7.755130462
2.945415593	-0.395305133
2.950177274	-7.976033338
2.95335563	-2.836805564
3.024002656	-8.19979816
3.070021327	5.537647694
3.085212238	-2.975374746
3.099089963	-8.426375883
3.124092242	-0.448706424
3.134443599	0.75141254
3.170309246	5.711572361
3.21802971	-3.115424413
3.30269475	-0.504216732
3.323437608	0.777522815
3.352506738	-3.255923951
3.472032734	2.698301609
3.482494524	-0.561000333
3.487477494	-3.396419349
3.514550177	0.804023467
3.624580343	-3.538388054
3.643705938	2.794590668
3.662783338	-0.620224765
3.705221037	0.83232522
3.763004198	-3.681165021
3.814792335	2.891593267
3.843402405	-0.67993998
3.897420219	0.861208567
3.902064073	-3.82404266
3.986918594	2.990606568
4.024768229	-0.740458469
4.041967534	-3.970203815
4.065234512	7.333430765
4.089889503	0.890496019
4.159094583	3.090043446
4.163542708	7.521259055
4.182280862	-4.116706228
4.207009342	-0.801543972
4.26219024	7.710616181
4.284008117	0.921363456
4.324851621	-4.26491494
4.33195052	3.191752204
4.361301068	7.901093992
4.390433962	-0.862678602
4.461376483	8.092897846
4.468431379	-4.413915251
4.479479043	0.952050599
4.505705527	3.294915979
4.562460708	8.286039157
4.575826306	-0.923730391
4.613380532	-4.56446403
4.679768441	3.399127168
4.674908211	0.983450297
4.759336391	-4.716914639
4.762609063	-0.984135057
4.855230428	3.505225726
4.872380992	1.014408306
4.90701014	-4.871241976
4.951896084	-1.043888397
5.056518645	-5.026429401
5.069819945	1.045215707
5.142193646	-1.103640549
5.207992255	-5.183352575
5.268541679	1.076652695
5.334849481	-1.162942783
5.360980701	-5.341561562
5.469903737	1.108683325
5.515396905	-5.502095218
5.528505785	-1.22235182
5.561298338	3.938512951
5.672575804	-5.665229446
5.671429112	1.141484514
5.723782604	-1.280791903
5.74043275	4.04912135
5.830474	-5.829522701
5.875957597	1.175418302
5.920514336	-1.339271931
5.920580774	4.160806261
5.990649201	-5.99644416
6.081360327	1.210193352
6.101987867	4.274225114
6.119257024	-1.397839079
6.153278614	-6.165786026
6.284698108	4.389288954
6.287147476	1.245373273
6.320089348	-1.456376143
6.468282664	4.505852867
6.495261491	1.280694936
6.52371345	-1.515193888
6.652719513	4.623458099
6.705115164	1.315654028
6.72936842	-1.574092473
6.838876605	4.743191506
6.916286253	1.34984215
6.936498552	-1.633124696
7.026165561	4.86419067
7.129549043	1.383583416
7.146204419	-1.693016479
7.213960232	4.987359626
7.34390671	1.417677453
7.35782006	-1.753614165
7.403374737	5.11201266
7.56203907	1.451934736
7.571173559	-1.815033938
7.594404304	5.238654274
7.781222393	1.487177287
7.787779523	5.36704255
7.787461634	-1.877929252
7.982891048	5.496942803
8.003470904	1.523667418
8.005098478	-1.941763454
8.227141977	1.56112501
8.225944895	-2.006778067
8.449788899	-2.072301749
8.452950252	1.599527375
8.676437078	-2.138383119
8.680460046	1.639104731
8.912481556	1.67696382
-7.017118357	0.658905094
-6.111556327	-1.916225885
-5.927384858	-1.85314555
-6.194600279	3.34057703
-5.229506358	-3.910511261
-5.708447934	3.103065602
-5.546710683	3.024397212
-3.942928637	-6.290658307
-4.661550935	-1.401807785
-4.447187708	0.503224771
-4.365753111	4.530670182
-4.234159237	4.412186891
-3.174356072	-5.035329368
-1.886684123	2.31720102
-0.806036891	9.295210889
-0.779298472	9.100097528
-1.115530404	1.618122116
-0.753071332	8.906086686
-0.727347123	8.712731566
-0.987516143	1.500925917
-0.702974608	8.520159811
-0.67873799	8.328258446
-0.654975992	8.137595451
0.308519358	-0.071099983
0.214165537	1.448769692
0.33426129	1.592565138
1.872951173	8.037937309
2.197290598	0.643671096
2.757257843	0.703027308
-5.16188832	5.246558414
-5.028849016	5.126992316
-4.894935338	5.00738135
-4.762493775	4.888187829
-3.880553813	-2.739582555
-7.204767492	0.670745717
-7.332954251	3.924349492
-6.830750433	0.64760872
-6.296957686	-1.978784462
-5.384535018	-4.042123286
-5.701399153	5.72965528
-4.483393414	-1.335330807
-4.059436619	-6.472604659
-3.735748146	-2.610492067
-3.836334945	8.476518088
-3.499017274	7.804439129
-5.385926822	2.94643914
-6.357229804	3.42120118
-6.518930073	3.502422361
-7.169858208	3.837785995
-4.629805079	4.768717898
-2.941374986	6.639353856
-3.018992308	6.804702144
-3.175535686	7.136878839
-3.255451288	7.303257588
-3.582332387	7.971388936
-7.00704692	3.752497959
-6.844100207	3.668003449
-3.666405245	8.139627073
-3.335517244	7.470331941
-3.41662172	7.637011109
-3.7512111	8.307495669
-5.974052831	5.973177908
-5.565503664	5.608412703
-5.430680743	5.487255887
